Gene	RoastRankScore	PooledTopTagRankScore	ExpressionRankScore	CNVRankScore	RankImpactScore
ULK2	149.000000	100.000000	45.000000	119.500000	413.500000
EPHB3	148.000000	81.000000	44.000000	119.500000	392.500000
NTRK2	147.000000	91.000000	13.000000	47.000000	298.000000
AURKB	146.000000	84.000000	125.000000	119.500000	474.500000
ACVRL1	145.000000	95.000000	9.000000	47.000000	296.000000
POLR2D	143.000000	119.000000	99.000000	47.000000	408.000000
CDK5	142.000000	66.000000	81.000000	47.000000	336.000000
PRKCA	141.000000	128.000000	53.000000	47.000000	369.000000
MAPKAPK2	140.000000	62.000000	105.000000	47.000000	354.000000
PRKCZ	139.000000	36.000000	91.000000	47.000000	313.000000
TRIO	138.000000	21.000000	79.000000	98.500000	336.500000
AKT3	137.000000	149.000000	69.000000	47.000000	402.000000
MAPK1	136.000000	17.000000	101.000000	47.000000	301.000000
MAPK13	135.000000	28.000000	43.000000	98.500000	304.500000
OBSCN	134.000000	68.000000	15.000000	47.000000	264.000000
ETNK2	133.000000	129.000000	55.000000	47.000000	364.000000
STK17B	132.000000	76.000000	60.000000	98.500000	366.500000
GRK7	131.000000	117.000000	1.000000	119.500000	368.500000
PIK3C2B	130.000000	48.000000	22.000000	47.000000	247.000000
ATR	129.000000	114.000000	46.000000	119.500000	408.500000
SNRK	127.000000	102.000000	26.000000	47.000000	302.000000
HIPK2	126.000000	132.000000	36.000000	47.000000	341.000000
CCND1	125.000000	47.000000	111.000000	47.000000	330.000000
NEK6	124.000000	69.000000	98.000000	47.000000	338.000000
ZMYND8	123.000000	85.000000	97.000000	119.500000	424.500000
NEK2	122.000000	104.000000	117.000000	47.000000	390.000000
MAPK7	121.000000	87.000000	49.000000	119.500000	376.500000
GRK6	120.000000	33.000000	116.000000	98.500000	367.500000
RPS6KA5	119.000000	75.000000	27.000000	47.000000	268.000000
TTK	118.000000	93.000000	86.000000	4.500000	301.500000
TAOK3	117.000000	136.000000	67.000000	47.000000	367.000000
TRPM7	116.000000	50.000000	56.000000	119.500000	341.500000
GTF2H4	115.000000	138.000000	85.000000	98.500000	436.500000
MAPK10	114.000000	72.000000	24.000000	4.500000	214.500000
PLK4	113.000000	38.000000	64.000000	4.500000	219.500000
TRIM24	112.000000	45.000000	52.000000	47.000000	256.000000
STYK1	111.000000	20.000000	31.000000	119.500000	281.500000
MARK3	109.000000	108.000000	109.000000	47.000000	373.000000
CCL2	108.000000	51.000000	16.000000	47.000000	222.000000
EPHA4	107.000000	143.000000	10.000000	47.000000	307.000000
DAPK3	106.000000	31.000000	106.000000	47.000000	290.000000
MAP4K1	104.000000	124.000000	8.000000	47.000000	283.000000
WEE1	103.000000	141.000000	84.000000	47.000000	375.000000
RPS6KA4	102.000000	118.000000	100.000000	47.000000	367.000000
GTF2H1	101.000000	120.000000	83.000000	47.000000	351.000000
PRKDC	100.000000	144.000000	90.000000	47.000000	381.000000
IGF1R	99.000000	30.000000	62.000000	47.000000	238.000000
KCNH4	98.000000	98.000000	14.000000	47.000000	257.000000
RIOK3	97.000000	139.000000	104.000000	47.000000	387.000000
MYLK	96.000000	80.000000	25.000000	47.000000	248.000000
BMPR1B	95.000000	86.000000	17.000000	4.500000	202.500000
ABL1	94.000000	79.000000	76.000000	47.000000	296.000000
CIT	93.000000	121.000000	58.000000	47.000000	319.000000
DGKG	92.000000	34.000000	33.000000	119.500000	278.500000
ROCK1	91.000000	113.000000	68.000000	47.000000	319.000000
PLK2	90.000000	99.000000	119.000000	4.500000	312.500000
TBK1	89.000000	107.000000	71.000000	47.000000	314.000000
CAMK2B	87.000000	146.000000	4.000000	98.500000	335.500000
PRKCD	84.000000	133.000000	87.000000	47.000000	351.000000
ERBB2	83.000000	134.000000	74.000000	47.000000	338.000000
BRD2	81.000000	142.000000	118.000000	98.500000	439.500000
FKBP1A	79.000000	126.000000	127.000000	119.500000	451.500000
LYN	78.000000	18.000000	75.000000	47.000000	218.000000
PRKCI	77.000000	145.000000	103.000000	119.500000	444.500000
GUK1	76.000000	147.000000	126.000000	47.000000	396.000000
GAK	75.000000	111.000000	88.000000	47.000000	321.000000
NLK	74.000000	49.000000	40.000000	47.000000	210.000000
LCK	73.000000	127.000000	37.000000	47.000000	284.000000
MAPK9	72.000000	101.000000	94.000000	98.500000	365.500000
SRPK1	71.000000	131.000000	110.000000	98.500000	410.500000
CRIM1	70.000000	148.000000	112.000000	47.000000	377.000000
CCL5	69.000000	106.000000	114.000000	47.000000	336.000000
EPHA2	67.000000	116.000000	124.000000	47.000000	354.000000
PRKD3	66.000000	78.000000	70.000000	47.000000	261.000000
ATM	64.000000	140.000000	34.000000	98.500000	336.500000
WNK1	63.000000	39.000000	63.000000	4.500000	169.500000
CSNK1A1	62.000000	26.000000	122.000000	98.500000	308.500000
WNK4	60.000000	42.000000	6.000000	47.000000	155.000000
CSNK1G2	58.000000	59.000000	108.000000	47.000000	272.000000
JAK3	55.000000	97.000000	2.000000	47.000000	201.000000
SQSTM1	54.000000	130.000000	123.000000	98.500000	405.500000
CDK2	53.000000	123.000000	107.000000	47.000000	330.000000
MAP3K9	52.000000	96.000000	48.000000	47.000000	243.000000
PFKFB2	51.000000	115.000000	39.000000	47.000000	252.000000
MTOR	50.000000	94.000000	66.000000	47.000000	257.000000
HIPK3	49.000000	61.000000	54.000000	47.000000	211.000000
CKMT1A	48.000000	65.000000	77.000000	119.500000	309.500000
MAP2K4	47.000000	52.000000	89.000000	119.500000	307.500000
NRP1	46.000000	89.000000	47.000000	4.500000	186.500000
IPPK	45.000000	92.000000	59.000000	47.000000	243.000000
PRKCE	43.000000	73.000000	28.000000	47.000000	191.000000
AKAP9	42.000000	90.000000	38.000000	98.500000	268.500000
YES1	41.000000	67.000000	93.000000	47.000000	248.000000
SRC	40.000000	82.000000	80.000000	47.000000	249.000000
NEK11	39.000000	41.000000	19.000000	98.500000	197.500000
PRKAB1	38.000000	109.000000	51.000000	47.000000	245.000000
EIF2AK2	37.000000	64.000000	92.000000	47.000000	240.000000
ULK4	36.000000	60.000000	20.000000	47.000000	163.000000
MARK4	35.000000	55.000000	61.000000	47.000000	198.000000
MAST3	34.000000	3.000000	29.000000	47.000000	113.000000
MET	33.000000	46.000000	115.000000	47.000000	241.000000
CDK14	32.000000	83.000000	41.000000	98.500000	254.500000
SRMS	29.000000	63.000000	11.000000	98.500000	201.500000
FRK	28.000000	37.000000	23.000000	4.500000	92.500000
MAPK6	27.000000	14.000000	113.000000	119.500000	273.500000
CKB	26.000000	44.000000	121.000000	47.000000	238.000000
FER	25.000000	11.000000	32.000000	98.500000	166.500000
FLT4	24.000000	71.000000	18.000000	98.500000	211.500000
PRKACB	23.000000	6.000000	65.000000	98.500000	192.500000
CAD	22.000000	88.000000	78.000000	47.000000	235.000000
PKN3	21.000000	7.000000	21.000000	47.000000	96.000000
PIK3CB	20.000000	2.000000	72.000000	119.500000	213.500000
FGFR4	18.000000	25.000000	42.000000	98.500000	183.500000
CDK6	17.000000	54.000000	96.000000	98.500000	265.500000
DYRK3	16.000000	24.000000	50.000000	47.000000	137.000000
CAMK4	14.000000	10.000000	35.000000	98.500000	157.500000
NUAK1	13.000000	1.000000	30.000000	47.000000	91.000000
EPHA3	12.000000	15.000000	7.000000	47.000000	81.000000
AK5	10.000000	9.000000	3.000000	98.500000	120.500000
ADK	9.000000	29.000000	120.000000	47.000000	205.000000
JAK1	8.000000	16.000000	102.000000	98.500000	224.500000
EFNA3	7.000000	23.000000	57.000000	47.000000	134.000000
CERK	6.000000	19.000000	95.000000	98.500000	218.500000
STK38	5.000000	13.000000	73.000000	98.500000	189.500000
MERTK	4.000000	27.000000	5.000000	47.000000	83.000000
BRSK1	3.000000	4.000000	12.000000	47.000000	66.000000
STK39	1.000000	8.000000	82.000000	47.000000	138.000000
